function [D, P, surface, porosity] = DataCircle(radius)

% Estimate hydrodynamic data for a circular unit cell geometry of radius
% 'radius'
% Look up table, radii from 0 to 0.5 in steps of 0.01, calculated on
% 164x164 grid

storageD = [0.999999999999970, 0.999374626985780, 0.997481509850294, 0.994350241406678, 0.989986447126182, 0.984381516985316, 0.977607142854381, 0.969665509929075, 0.960550683197795, 0.950351201873377, 0.939066669946073, 0.926768538843579, 0.913411660510967, 0.899141321230506, 0.883953290413400, 0.867946920477181, 0.851100009101536, 0.833511445195659, 0.815199446183887, 0.796266860000584, 0.776703145948473, 0.756568044945152, 0.735965392108702, 0.714913683897007, 0.693439386274444, 0.671572265845263, 0.649467673235934, 0.627037452517299, 0.604382672725112, 0.581527029273140, 0.558457358743908, 0.535296382405081, 0.511976787105751, 0.488568784179521, 0.465066431903016, 0.441472506554659, 0.417813417147502, 0.394053676137396, 0.370198109359030, 0.346187339807458, 0.322075062274433, 0.297721863302047, 0.273105646853616, 0.248124855221919, 0.222646890229279, 0.196472355227746, 0.169318285813505, 0.140605641485674, 0.109338680540554, 0.0726697926755446, 0];
storageP = [0.670719939062402, 0.264422503298347, 0.207635628664806, 0.175239284404320, 0.152407396499559, 0.134778030837717, 0.120536783933689, 0.108585206998710, 0.0982967841774625, 0.0893375626518805, 0.0814028726305102, 0.0743249969757900, 0.0679184932743798, 0.0621241750502095, 0.0568409349699493, 0.0520138293121024, 0.0475698362372792, 0.0434782130656198, 0.0396948712113717, 0.0361984722712045, 0.0329537533227553, 0.0299408865659691, 0.0271461238220998, 0.0245526370232941, 0.0221423379770699, 0.0199000254851052, 0.0178286192982161, 0.0159056606491692, 0.0141288691827998, 0.0124885647998802, 0.0109764304523792, 0.00959127735235120, 0.00832291860157498, 0.00716841505683132, 0.00612185294438399, 0.00517742713307449, 0.00433199027414920, 0.00357858749900075, 0.00291356344405574, 0.00233074469284472, 0.00182831178249403, 0.00139835665277940, 0.00103752069443092, 0.000740341822780167, 0.000502028460342614, 0.000317387166008603, 0.000181377462584283, 8.81891646809059e-05, 3.19879700180645e-05, 5.64885872608148e-06, -1.37156966631773e-20];

% use linear interpolation
interpolateD = interp1(0:0.01:0.5, storageD, radius);
interpolateP = interp1(0:0.01:0.5, storageP, radius);

surface = radius * 2 * pi;
porosity = 1 - radius^2 * pi;
D = interpolateD * eye(2);
P = interpolateP * eye(2);
end
