% Plot comparison between XFEM and mixed scheme for diffusion tensor
% Tested on circles with varying radius

compareXFEM = [1, 0, 0, 1; 0.999718741652008, -1.29949064201435e-05, -1.29949064201436e-05, 0.999718741652012; 0.998022065721505, -4.41111512474084e-05, -4.41111512474078e-05, 0.998022065721508; 0.994929943807854, -7.83400986180837e-05, -7.83400986180842e-05, 0.994929943807853; 0.990571286807450, -7.01476634669957e-05, -7.01476634669958e-05, 0.990571286807447; 0.984999864981254, -6.05037436368495e-05, -6.05037436368493e-05, 0.984999864981251; 0.978219720562166, -7.16562635044073e-05, -7.16562635044052e-05, 0.978219720562171; 0.970273773464986, -7.37038535626293e-05, -7.37038535626272e-05, 0.970273773464987; 0.961175758844015, -6.71989349930009e-05, -6.71989349930228e-05, 0.961175758844013; 0.950959987468735, -7.50419298410923e-05, -7.50419298416208e-05, 0.950959987468731; 0.939669071075471, -7.04158843881295e-05, -7.04158843880750e-05, 0.939669071075474; 0.927331489812738, -5.93960901198508e-05, -5.93960901198461e-05, 0.927331489812736; 0.913998510082113, -5.87200297529883e-05, -5.87200297530015e-05, 0.913998510082107; 0.899721189151524, -5.41442653945038e-05, -5.41442653945025e-05, 0.899721189151531; 0.884537548825312, -5.24123091666051e-05, -5.24123091666137e-05, 0.884537548825310; 0.868498142694524, -5.42010736831059e-05, -5.42010736830964e-05, 0.868498142694523; 0.851654939635726, -5.35296365095087e-05, -5.35296365095553e-05, 0.851654939635723; 0.834050965144597, -5.43507492715445e-05, -5.43507492708932e-05, 0.834050965144600; 0.815743712632545, -5.61817729636650e-05, -5.61817729630082e-05, 0.815743712632544; 0.796782172970277, -5.48535550592443e-05, -5.48535550594093e-05, 0.796782172970272; 0.777213640267018, -5.51589920822768e-05, -5.51589920822439e-05, 0.777213640267017; 0.757092338595882, -5.17730199015785e-05, -5.17730199154911e-05, 0.757092338595879; 0.736466534683496, -4.53094867849007e-05, -4.53094867848922e-05, 0.736466534683497; 0.715387878232627, -4.32100619607865e-05, -4.32100619607964e-05, 0.715387878232630; 0.693906153591542, -4.02842907873400e-05, -4.02842907873389e-05, 0.693906153591540; 0.672064311635070, -3.83640385308008e-05, -3.83640385308125e-05, 0.672064311635075; 0.649905455385054, -3.82941384736371e-05, -3.82941384736290e-05, 0.649905455385052; 0.627471648887950, -3.71750455795215e-05, -3.71750455795641e-05, 0.627471648887952; 0.604798517355850, -3.66380283259710e-05, -3.66380283260854e-05, 0.604798517355851; 0.581922087478636, -3.63525862407583e-05, -3.63525862435299e-05, 0.581922087478637; 0.558873160514918, -3.48283637006314e-05, -3.48283636977031e-05, 0.558873160514917; 0.535677127511336, -3.30649598335149e-05, -3.30649598594946e-05, 0.535677127511336; 0.512357924402566, -2.96392302679652e-05, -2.96392302679754e-05, 0.512357924402565; 0.488934989316818, -2.58172867678688e-05, -2.58172867678743e-05, 0.488934989316819; 0.465421611709963, -2.35843203413660e-05, -2.35843203413684e-05, 0.465421611709962; 0.441826604019634, -2.15769830797480e-05, -2.15769830797422e-05, 0.441826604019633; 0.418149647904429, -1.96922151248975e-05, -1.96922151248719e-05, 0.418149647904429; 0.394385212458710, -1.85758154378479e-05, -1.85758154378486e-05, 0.394385212458711; 0.370520232330001, -1.71473080501756e-05, -1.71473080501446e-05, 0.370520232330000; 0.346530542450004, -1.57939066220179e-05, -1.57939066219911e-05, 0.346530542450005; 0.322383046885045, -1.43830931675261e-05, -1.43830931675141e-05, 0.322383046885042; 0.298029623475154, -1.26422309707183e-05, -1.26422309707244e-05, 0.298029623475156; 0.273403101712133, -1.05991151670901e-05, -1.05991151671424e-05, 0.273403101712133; 0.248412695199087, -8.20028465160424e-06, -8.20028465161039e-06, 0.248412695199087; 0.222928118112276, -6.23898202865137e-06, -6.23898202869020e-06, 0.222928118112275; 0.196755644882619, -4.65496166100464e-06, -4.65496166100415e-06, 0.196755644882619; 0.169592691571129, -3.32588375612822e-06, -3.32588375612799e-06, 0.169592691571129; 0.140913466417682, -2.18562929623070e-06, -2.18562929624230e-06, 0.140913466417682; 0.109667800321481, -1.24200831636668e-06, -1.24200831633607e-06, 0.109667800321481; 0.0730795393725474, -4.83380759796542e-07, -4.83380759796514e-07, 0.0730795393725470];
